0
2.0047
1.58749
1.26856
1.06148
0.896375
0.782559
0.686994
0.618139
0.558739
0.513879
0.473154
0.439964
0.412952
0.386926
0.362778
0.341786
0.322798
0.307478
0.293411
0.280474
0.267725
0.258437
0.247669
0.238298
0.229413
0.221821
0.214939
0.207529
0.200636
0.195766
0.189652
0.183971
0.178582
0.174188
0.169358
0.165042
0.160707
0.15688
0.153425
0.151173
0.147904
0.145123
0.141826
0.138766
0.136373
0.133539
0.13078
0.128279
0.125736
0.123284
0.120967
0.118686
0.116488
0.114393
0.112462
0.110493
0.108771
0.106932
0.105191
0.103862
0.102208
0.100614
0.0994822
0.0983071
0.0971304
0.095695
0.0944199
0.0931253
0.0917995
0.0905449
0.089471
0.0882508
0.0872367
0.0861356
0.0855483
0.0844497
0.0833735
0.0823744
0.0814904
0.0806775
0.0800645
0.0791133
0.0782881
0.0773674
0.076471
0.0757301
0.074963
0.0741364
0.0736674
0.0728839
0.0725532
0.0721679
0.0715848
0.0708351
0.0701203
0.0693983
0.068911
0.0683615
0.0676786
