0
2.83507
3.88435
4.38989
4.73778
4.89663
5.05713
5.11659
5.21826
5.27295
5.35462
5.40111
5.4563
5.51879
5.55406
5.5593
5.57518
5.5757
5.60857
5.63695
5.66162
5.66158
5.69715
5.69682
5.71311
5.70154
5.72194
5.74345
5.74419
5.74097
5.76638
5.7653
5.77034
5.77316
5.78908
5.78738
5.7968
5.79844
5.80815
5.82027
5.8417
5.8317
5.84567
5.84516
5.85027
5.86344
5.86776
5.87024
5.87687
5.8745
5.87265
5.8763
5.87567
5.8757
5.87799
5.88305
5.88216
5.88853
5.88954
5.89249
5.90162
5.89951
5.8971
5.90652
5.8981
5.90595
5.90429
5.90932
5.91306
5.91398
5.91132
5.90555
5.90456
5.91018
5.91347
5.92318
5.92172
5.92277
5.92584
5.93074
5.93635
5.9441
5.94556
5.94127
5.9415
5.9422
5.93761
5.93384
5.93231
5.93957
5.94152
5.94974
5.95732
5.95216
5.9529
5.95109
5.95143
5.95697
5.95248
5.95279
