-0.419656   -0.209698   -0.254185
-0.225393   -0.213863   0.490651
0.193312   -0.445595   -0.440722
-0.337718   -0.383625   -0.411471
-0.110222   -0.393642   -0.389584
0.0695344   -0.283137   -0.401775
-0.178708   -0.487887   -0.176194
-0.0360254   -0.320674   -0.217641
-0.0136844   -0.414933   0.438998
0.354649   -0.34125   -0.469555
0.217933   -0.394374   -0.253186
0.0521564   0.491321   -0.287725
-0.258351   -0.31163   -0.145452
-0.160292   -0.0752419   0.335188
-0.494123   -0.181112   0.496651
-0.466238   -0.0243615   -0.187889
-0.186628   -0.190958   -0.32074
0.105784   -0.0614519   0.360339
-0.031393   -0.0934718   -0.25754
-0.131184   -0.0193122   -0.453835
0.427429   0.264047   0.45402
0.195181   0.161133   0.369365
0.123379   -0.0685549   -0.425419
0.386861   -0.280721   -0.28298
-0.37395   0.256411   0.430325
-0.305818   0.167215   -0.291863
0.498175   -0.45272   -0.285765
-0.352128   -0.0706409   -0.40114
-0.2084   0.123696   0.333693
0.0374952   0.352578   0.443245
-0.201642   0.431396   -0.361697
-0.196638   0.208285   -0.491115
-0.0764255   0.138005   -0.32804
0.231105   0.356443   -0.415353
0.202628   0.438981   0.343476
-0.40256   0.0435398   0.430358
0.452233   0.312633   -0.362652
-0.373351   -0.493031   -0.130562
0.436464   -0.259886   -0.0773953
0.278771   -0.465824   -0.0462207
-0.253772   0.363431   -0.0115934
0.0107958   -0.204579   0.0145521
0.46046   -0.470567   0.0456117
0.031302   -0.383016   0.116165
0.117964   -0.353906   -0.0702488
0.213561   0.401769   -0.211641
0.31034   -0.389929   0.322015
0.265613   0.129126   -0.105625
0.219619   -0.215165   -0.142172
-0.233117   -0.226202   0.114821
-0.149114   -0.14585   -0.0758066
-0.398634   -0.134435   -0.0189402
-0.38497   -0.345478   0.0275941
0.134555   0.0327454   -0.233938
-0.156427   -0.433347   0.027195
-0.0526211   0.028694   -0.108691
0.259959   -0.296207   0.0915126
0.27322   -0.105555   -0.302069
0.0794916   0.200574   -0.020409
0.34972   -0.0601513   -0.0116012
0.492058   0.0683991   -0.391195
-0.382034   0.364366   -0.261181
0.403671   0.416814   -0.137243
-0.15996   0.274205   -0.175545
-0.234046   -0.018124   -0.21813
0.0111041   0.466786   -0.0886266
-0.0445737   0.380922   0.0877389
-0.138802   0.189577   0.0144023
0.277261   0.109982   -0.342331
0.0391939   0.284924   -0.262208
0.274032   0.332389   0.0181413
-0.492047   0.204367   -0.195957
0.37624   0.428497   0.258046
-0.303697   -0.399142   0.209451
0.485638   -0.266802   0.174085
-0.480749   -0.332074   0.379768
-0.253491   -0.416043   0.412106
-0.115421   -0.328994   0.288376
0.106796   -0.305791   0.277357
-0.0372466   -0.190339   0.444598
0.214966   0.0887337   0.135134
0.406315   0.469353   0.463563
0.202054   -0.249945   0.456821
0.267735   0.264403   0.190747
0.457737   -0.0807802   0.146874
-0.390094   -0.174765   0.325768
0.368013   -0.190446   0.316117
-0.0125513   0.123927   0.364538
-0.0244848   -0.147124   0.21359
-0.0109712   0.0430077   0.120127
-0.200611   -0.0423459   0.119353
0.301784   -0.0501409   0.473471
0.11711   -0.0523529   -0.0427765
-0.493453   0.103065   0.0202996
0.165042   -0.123246   0.164073
0.390782   0.136825   0.28892
-0.349033   0.0376306   0.199117
-0.295303   0.0553027   -0.0539907
-0.405846   0.413498   -0.468198
-0.391325   0.385781   0.241155
-0.191945   0.326819   0.226885
0.00686445   0.469155   0.290838
-0.199518   0.403817   0.437423
0.0537599   0.221681   0.18604
0.469777   0.311238   0.101957
0.16435   0.440554   0.13452
0.075342   0.135764   -0.44163
-0.340928   0.216637   0.0922684
