-5.11281
-5.084
-5.04413
-4.99305
-4.93937
-4.88941
-4.85215
-4.82917
-4.81882
-4.8178
-4.82192
-4.82478
-4.82425
-4.81667
-4.80633
-4.79437
-4.78373
-4.77929
-4.78212
-4.78811
-4.7969
-4.80349
-4.80669
-4.80614
-4.80385
-4.80577
-4.81302
-4.82263
-4.83312
-4.83787
-4.83552
-4.82285
-4.80355
-4.77896
-4.7529
-4.72772
-4.70509
-4.6883
-4.67646
-4.67064
-4.67001
-4.6762
-4.69011
-4.70793
-4.73114
-4.7582
-4.78581
-4.81079
-4.83088
-4.84638
-4.85528
-4.85875
-4.85892
-4.85677
-4.85173
-4.84836
-4.84775
-4.84908
-4.85212
-4.85419
-4.84843
-4.83328
-4.81023
-4.78097
-4.75585
-4.74175
-4.73918
-4.74796
-4.76237
-4.77658
-4.78458
-4.78176
-4.76775
-4.7429
-4.70926
-4.67414
-4.64354
-4.62659
-4.62426
-4.63644
-4.6557
-4.67573
-4.6925
-4.7044
-4.71407
-4.72285
-4.73322
-4.74587
-4.76224
-4.78226
-4.80453
-4.82639
-4.84565
-4.85788
-4.86246
-4.86159
-4.85153
-4.83671
-4.81681
-4.79433
-4.76978
-4.74853
-4.73241
-4.72462
-4.72642
-4.73566
-4.75045
-4.76689
-4.78284
-4.79787
-4.80908
-4.81754
-4.82173
-4.82307
-4.82422
-4.82371
-4.82498
-4.83083
-4.84036
-4.8551
-4.87317
-4.89147
-4.90482
-4.91291
-4.91284
-4.90796
-4.90195
-4.89416
-4.88351
-4.86379
-4.83477
-4.79612
-4.7514
-4.71006
-4.68124
-4.6704
-4.67873
-4.70394
-4.74195
-4.79057
-4.8457
-4.90247
-4.95245
-4.99217
-5.01873
-5.03001
-5.02478
-5.01021
-4.98654
-4.9576
-4.92497
-4.88714
-4.84697
-4.80829
-4.77172
-4.74521
-4.72932
-4.72245
-4.72277
-4.72855
-4.7363
-4.74688
-4.75844
-4.76617
-4.77338
-4.78216
-4.79375
-4.81175
-4.83421
-4.85571
-4.86982
-4.87517
-4.87401
-4.86803
-4.86334
-4.8629
-4.86553
-4.87401
-4.88618
-4.9003
-4.91546
-4.93124
-4.94367
-4.9502
-4.94996
-4.94353
-4.93089
-4.91495
-4.90094
-4.88729
-4.8753
-4.86534
-4.85245
-4.83806
-4.82106
-4.80738
-4.80268
-4.81491
-4.8448
-4.88509
-4.92792
-4.96492
-4.99099
-5.00537
-5.00976
-5.00417
-4.99094
-4.9714
-4.94472
-4.91571
-4.88311
-4.85107
-4.82589
-4.80887
-4.8025
-4.80185
-4.81129
-4.82701
-4.84354
-4.8565
-4.86425
-4.8663
-4.8644
-4.86024
-4.85199
-4.84207
-4.83169
-4.82411
-4.82023
-4.82299
-4.82892
-4.83747
-4.84419
-4.84675
-4.84231
-4.83198
-4.81444
-4.78835
-4.75853
-4.7264
-4.69466
-4.6691
-4.65307
-4.6511
-4.66654
-4.69594
-4.73521
-4.77926
-4.82612
-4.87006
-4.90944
-4.94175
-4.9663
-4.98
-4.98448
-4.9839
-4.97877
-4.97468
-4.97317
-4.97414
-4.97618
-4.97186
-4.96473
-4.95282
-4.94091
-4.93082
-4.9257
-4.92528
-4.92953
-4.93641
-4.94365
-4.94549
-4.9414
-4.92969
-4.90999
-4.88305
-4.85207
-4.82022
-4.79075
-4.76418
-4.74162
-4.71861
-4.69576
-4.67321
-4.65817
-4.65688
-4.66788
-4.68711
-4.71037
-4.73401
-4.75664
-4.77808
-4.79508
-4.80821
-4.81471
-4.81806
-4.81951
-4.82381
-4.83105
-4.84037
-4.84999
-4.85968
-4.86732
-4.87121
-4.86684
-4.85388
-4.83325
-4.80922
-4.78768
-4.7731
-4.76343
-4.76048
-4.75774
-4.75659
-4.75806
-4.76509
-4.77633
-4.79331
-4.81472
-4.83928
-4.86475
-4.89254
-4.92144
-4.94761
-4.96747
-4.97406
-4.96747
-4.95084
-4.92615
-4.8971
-4.86671
-4.8351
-4.80505
-4.77692
-4.75344
-4.73872
-4.73603
-4.74345
-4.75705
-4.77092
-4.78139
-4.78454
-4.78067
-4.77358
-4.76598
-4.76126
-4.76335
-4.77278
-4.78734
-4.80464
-4.81953
-4.82882
-4.8283
-4.81916
-4.80027
-4.77882
-4.76208
-4.7518
-4.75117
-4.75911
-4.77427
-4.79504
-4.81755
-4.83913
-4.85651
-4.86914
-4.87661
-4.87748
-4.87084
-4.85674
-4.83662
-4.81227
-4.78929
-4.77074
-4.75304
-4.73887
-4.72394
-4.70893
-4.69688
-4.68978
-4.68942
-4.69305
-4.69939
-4.70616
-4.7175
-4.73616
-4.7575
-4.78177
-4.80216
-4.81431
-4.81557
-4.80372
-4.78196
-4.75785
-4.73245
-4.71379
-4.70616
-4.71247
-4.72736
-4.75007
-4.77695
-4.80412
-4.83076
-4.854
-4.87271
-4.88596
-4.8904
-4.88867
-4.88838
-4.89469
-4.89952
-4.89856
-4.88752
-4.86843
-4.85072
-4.83843
-4.83362
-4.83366
-4.84009
-4.85167
-4.8709
-4.89584
-4.92544
-4.95555
-4.98395
-5.00916
-5.03206
-5.04968
-5.0632
-5.06958
-5.06934
-5.06169
-5.04972
-5.03441
-5.0194
-5.00444
-4.98406
-4.95871
-4.92924
-4.90064
-4.87197
-4.84291
-4.81403
-4.78537
-4.75848
-4.73461
-4.71847
-4.71304
-4.72055
-4.73908
-4.76873
-4.80563
-4.84362
-4.87592
-4.89751
-4.90487
-4.89878
-4.88173
-4.8577
-4.83459
-4.81431
-4.79884
-4.78078
-4.76194
-4.73803
-4.71212
-4.69044
-4.67966
-4.68103
-4.69601
-4.7198
-4.74649
-4.77287
-4.79693
-4.81452
-4.82592
-4.83088
-4.82956
-4.82522
-4.81722
-4.80285
-4.78492
-4.76105
-4.73471
-4.70755
-4.68482
-4.67134
-4.66829
-4.67502
-4.6907
-4.70917
-4.72777
-4.74289
-4.74945
-4.74643
-4.73707
-4.72219
-4.70675
-4.69384
-4.68543
-4.68097
-4.68071
-4.68745
-4.70111
-4.72008
-4.74675
-4.77897
-4.81398
-4.84748
-4.87459
-4.89421
-4.9069
-4.91119
-4.90709
-4.8959
-4.88193
-4.86691
-4.85262
-4.84396
-4.84009
-4.84356
-4.8489
-4.8518
-4.84783
-4.83495
-4.81381
-4.78543
-4.75614
-4.72845
-4.70625
-4.69205
-4.68803
-4.69109
-4.70124
-4.71495
-4.73526
-4.76071
-4.78652
-4.81093
-4.82831
-4.83336
-4.83035
-4.815
-4.79279
-4.76557
-4.73547
-4.70665
-4.68396
-4.67459
-4.67898
-4.69176
-4.70347
-4.71119
-4.71412
-4.71556
-4.71872
-4.72708
-4.74258
-4.76252
-4.78595
-4.80903
-4.83104
-4.84617
-4.85686
-4.86174
-4.86616
-4.87259
-4.88148
-4.89141
-4.90042
-4.90887
-4.9164
-4.9253
-4.93708
-4.95291
-4.97276
-4.99126
-5.00592
-5.01095
-5.00095
-4.97719
-4.94204
-4.90176
-4.8664
-4.84754
-4.8477
-4.86572
-4.89716
-4.93691
-4.98029
-5.01871
-5.0454
-5.06005
-5.06175
-5.05499
-5.04244
-5.02728
-5.00971
-4.98969
-4.96998
-4.95058
-4.93478
-4.92245
-4.9132
-4.90859
-4.90488
-4.90294
-4.90647
-4.91864
-4.9414
-4.96763
-4.99016
-5.00345
-5.00688
-5.00202
-4.99179
-4.97693
-4.95917
-4.93715
-4.90892
-4.87742
-4.83943
-4.79877
-4.75652
-4.71623
-4.68069
-4.65298
-4.63516
-4.62749
-4.62761
-4.63642
-4.65083
-4.67035
-4.69369
-4.72138
-4.75292
-4.78489
-4.81435
-4.84055
-4.86173
-4.87496
-4.88135
-4.88101
-4.87644
-4.86946
-4.86001
-4.84517
-4.82691
-4.80504
-4.78567
-4.77604
-4.77716
-4.79066
-4.81133
-4.83451
-4.85726
-4.87655
-4.89023
-4.89902
-4.90252
-4.90097
-4.89665
-4.88804
-4.88115
-4.87586
-4.87242
-4.87231
-4.87287
-4.87073
-4.86574
-4.85989
-4.85044
-4.84028
-4.82976
-4.81892
-4.8109
-4.80375
-4.80048
-4.79875
-4.79533
-4.79181
-4.79192
-4.7961
-4.80514
-4.81928
-4.83535
-4.84974
-4.85879
-4.86074
-4.85667
-4.8505
-4.84163
-4.83135
-4.81708
-4.80018
-4.78156
-4.76246
-4.74555
-4.73312
-4.72702
-4.72692
-4.73225
-4.74125
-4.75095
-4.76116
-4.77132
-4.78088
-4.78911
-4.79216
-4.78637
-4.77251
-4.75441
-4.74109
-4.738
-4.74878
-4.77211
-4.80176
-4.83278
-4.86253
-4.88747
-4.90519
-4.91426
-4.91697
-4.91343
-4.90679
-4.90261
-4.90415
-4.90939
-4.91613
-4.92021
-4.91963
-4.9163
-4.91094
-4.90294
-4.89724
-4.89256
-4.89051
-4.88813
-4.88397
-4.87749
-4.86781
-4.85393
-4.83432
-4.80875
-4.78075
-4.75041
-4.71803
-4.68756
-4.65872
-4.63035
-4.60269
-4.57699
-4.55638
-4.54265
-4.54091
-4.55151
-4.57685
-4.61449
-4.65841
-4.70135
-4.74107
-4.77219
-4.79789
-4.82165
-4.84502
-4.86933
-4.89265
-4.91525
-4.93399
-4.94867
-4.9606
-4.96901
-4.97318
-4.9751
-4.97017
-4.95915
-4.94493
-4.92612
-4.90599
-4.88618
-4.86671
-4.84801
-4.8333
-4.81716
-4.80183
-4.79246
-4.79558
-4.80908
-4.83145
-4.86196
-4.89698
-4.93019
-4.9526
-4.96231
-4.95825
-4.94448
-4.92297
-4.89679
-4.86736
-4.83673
-4.80754
-4.78562
-4.7763
-4.78404
-4.80959
-4.8483
-4.89319
-4.93936
-4.97854
-5.00567
-5.01813
-5.01802
-5.00275
-4.97773
-4.94608
-4.91581
-4.88958
-4.87209
-4.86379
-4.86452
-4.86671
-4.86969
-4.87195
-4.87605
-4.88465
-4.8978
-4.91421
-4.92972
-4.94355
-4.94921
-4.94314
-4.92481
-4.89242
-4.85211
-4.81523
-4.79354
-4.7932
-4.80611
-4.82116
-4.8304
-4.82721
-4.81477
-4.79572
-4.77733
-4.76694
-4.76993
-4.78707
-4.81294
-4.84129
-4.86491
-4.88232
-4.89338
-4.89908
-4.90379
-4.90718
-4.91233
-4.91777
-4.92273
-4.92835
-4.9345
-4.94193
-4.94761
-4.95272
-4.95554
-4.95134
-4.93743
-4.91505
-4.88494
-4.85091
-4.81582
-4.7878
-4.77323
-4.77656
-4.7967
-4.829
-4.86314
-4.89329
-4.91423
-4.92234
-4.92011
-4.90727
-4.88418
-4.85472
-4.82215
-4.78912
-4.76129
-4.74078
-4.72977
-4.72858
-4.737
-4.75085
-4.76635
-4.77901
-4.78763
-4.7899
-4.7895
-4.78972
-4.79696
-4.81225
-4.83406
-4.86177
-4.88964
-4.91712
-4.9408
-4.96259
-4.9811
-5.00042
-5.01967
-5.0385
-5.05283
-5.06151
-5.05928
-5.04334
-5.01667
-4.98214
-4.94538
-4.90994
-4.87898
-4.85202
-4.83344
-4.82107
-4.81881
-4.82122
-4.8297
-4.83426
-4.83469
-4.82984
-4.82495
-4.82607
-4.83205
-4.84247
-4.85467
-4.86838
-4.88166
-4.89456
-4.90608
-4.91731
-4.92741
-4.93879
-4.95231
-4.968
-4.98595
-5.00356
-5.01529
-5.02269
-5.02356
-5.01546
-5.00014
-4.98283
-4.96513
-4.95113
-4.94129
-4.9354
-4.93442
-4.93614
-4.93874
-4.93636
-4.92379
-4.89522
-4.84872
-4.78811
-4.72091
-4.65562
-4.59918
-4.56031
-4.54436
-4.55213
-4.58062
-4.62515
-4.67692
-4.72535
-4.7682
-4.80056
-4.8234
-4.8417
-4.85782
-4.87545
-4.8928
-4.9092
-4.92402
-4.93424
-4.93563
-4.92752
-4.90856
-4.887
-4.87041
-4.8673
-4.87557
-4.8926
-4.908
-4.91733
-4.92271
-4.92032
-4.91377
-4.90397
-4.89118
-4.87774
-4.8651
-4.8545
-4.84667
