2.24157
2.21604
2.17577
2.12537
2.07147
2.02175
1.98286
1.95825
1.94732
1.9462
1.94969
1.95294
1.95245
1.94662
1.93604
1.92346
1.91287
1.90763
1.90894
1.91533
1.92353
1.93012
1.93311
1.93279
1.9316
1.93296
1.93911
1.94937
1.95996
1.96586
1.96365
1.95258
1.93404
1.91055
1.88499
1.86008
1.83798
1.82011
1.80728
1.8001
1.79927
1.80522
1.81789
1.83653
1.85994
1.8865
1.914
1.93976
1.96129
1.97708
1.98699
1.99182
1.99264
1.99043
1.98639
1.98243
1.98075
1.98239
1.98587
1.98734
1.98229
1.96782
1.94442
1.91646
1.891
1.8748
1.87114
1.87858
1.89225
1.90602
1.91423
1.91281
1.89982
1.87567
1.84322
1.80786
1.77698
1.75807
1.75507
1.76601
1.78446
1.80377
1.82015
1.83296
1.84339
1.85307
1.86332
1.87541
1.89078
1.91025
1.9328
1.95546
1.97463
1.9877
1.99361
1.99238
1.98435
1.96997
1.95009
1.92636
1.90145
1.87885
1.86214
1.85375
1.85425
1.86239
1.87588
1.89217
1.90882
1.92367
1.93537
1.94369
1.94919
1.95253
1.95414
1.95459
1.95539
1.959
1.96779
1.98233
2.00053
2.01861
2.03281
2.04069
2.04182
2.03817
2.03256
2.02574
2.01509
1.99663
1.9679
1.92946
1.88539
1.84347
1.81293
1.80017
1.80626
1.82904
1.8658
1.91352
1.96822
2.02456
2.07638
2.11797
2.14546
2.15751
2.15511
2.14081
2.11783
2.08906
2.05606
2.01933
1.97978
1.94014
1.90459
1.87711
1.85987
1.85243
1.85246
1.8574
1.86563
1.87595
1.88654
1.89528
1.90173
1.90844
1.91956
1.93724
1.95937
1.98067
1.99601
2.00296
2.0024
1.99754
1.99238
1.99029
1.99314
2.00102
2.01286
2.02739
2.04338
2.05916
2.07217
2.07968
2.08002
2.07332
2.06124
2.04633
2.0313
2.01804
2.00681
1.99615
1.98384
1.96852
1.95137
1.93678
1.93165
1.94239
1.97058
2.01076
2.05353
2.09065
2.11768
2.13347
2.1387
2.13471
2.12282
2.10394
2.07875
2.04846
2.01575
1.98455
1.95868
1.94064
1.93154
1.93165
1.94032
1.9553
1.97235
1.9867
1.99537
1.99823
1.99682
1.99247
1.98553
1.97637
1.96654
1.95862
1.95498
1.9565
1.96227
1.97001
1.97683
1.98003
1.97747
1.96775
1.95036
1.92582
1.8958
1.86302
1.83098
1.80392
1.78664
1.78355
1.79664
1.82445
1.86292
1.90723
1.95322
1.99761
2.03771
2.07111
2.09586
2.11097
2.11701
2.11619
2.11195
2.10797
2.10661
2.10762
2.10835
2.10571
2.09814
2.08665
2.07406
2.0636
2.05766
2.05715
2.06147
2.06853
2.07523
2.07822
2.07473
2.06324
2.0437
2.01745
1.98703
1.95556
1.92595
1.89965
1.87602
1.85304
1.82946
1.80726
1.79196
1.78898
1.79915
1.81824
1.84104
1.8644
1.88727
1.90877
1.92712
1.94024
1.94743
1.95043
1.95267
1.95711
1.96455
1.9739
1.98395
1.99399
2.00267
2.0069
2.00329
1.99044
1.97033
1.94736
1.92645
1.91095
1.90162
1.89696
1.8947
1.89344
1.89388
1.89827
1.9087
1.92542
1.94667
1.9703
1.99558
2.023
2.05203
2.07913
2.09881
2.1067
2.10165
2.08538
2.06101
2.03195
2.00103
1.96998
1.93967
1.91123
1.88739
1.87207
1.86806
1.87475
1.888
1.90208
1.91209
1.91548
1.91245
1.9053
1.89742
1.89251
1.89372
1.90243
1.9173
1.93474
1.95022
1.95955
1.95986
1.95043
1.9333
1.91306
1.89533
1.88452
1.88254
1.88933
1.90395
1.92444
1.94751
1.96938
1.98738
2.00039
2.00784
2.00908
2.00332
1.99023
1.97078
1.94753
1.92408
1.90348
1.88654
1.87168
1.85693
1.84227
1.8301
1.82328
1.82241
1.82549
1.83033
1.83698
1.8475
1.86388
1.88584
1.91027
1.93201
1.94565
1.94757
1.93704
1.9165
1.8909
1.86629
1.84836
1.84107
1.84563
1.86068
1.88314
1.9095
1.93684
1.96322
1.9871
2.00654
2.01908
2.02338
2.02192
2.02106
2.02539
2.03153
2.0314
2.02088
2.00306
1.98488
1.97178
1.96542
1.96505
1.97017
1.98138
1.99947
2.024
2.05288
2.08303
2.11181
2.13779
2.16032
2.1787
2.1919
2.19868
2.19825
2.19105
2.17922
2.16576
2.15203
2.13649
2.1165
2.09142
2.06319
2.03414
2.00529
1.97654
1.94766
1.91882
1.89097
1.86656
1.84934
1.84298
1.84937
1.86797
1.89676
1.93245
1.97012
2.0035
2.02667
2.03594
2.03088
2.01428
1.99132
1.96772
1.94733
1.93056
1.91459
1.89573
1.87236
1.84685
1.8249
1.81273
1.81381
1.82754
1.85023
1.87707
1.90367
1.92683
1.94471
1.95656
1.96254
1.96322
1.95931
1.95113
1.93845
1.92074
1.89794
1.87138
1.84421
1.82084
1.80561
1.80114
1.80749
1.82235
1.84182
1.86127
1.87629
1.88371
1.88244
1.87343
1.8592
1.84314
1.8287
1.81843
1.81344
1.81384
1.81971
1.83166
1.85051
1.87651
1.9083
1.94279
1.97603
2.00439
2.02542
2.03805
2.04226
2.03872
2.02881
2.01467
1.99916
1.98543
1.97635
1.9735
1.97625
1.98144
1.98449
1.98118
1.96907
1.94812
1.92052
1.89007
1.86135
1.83866
1.82473
1.82
1.82313
1.83242
1.84698
1.86664
1.89083
1.91734
1.94219
1.96047
1.96834
1.96462
1.95101
1.93016
1.90388
1.87372
1.84337
1.81949
1.80849
1.81167
1.8237
1.83672
1.84558
1.8495
1.85099
1.85381
1.86128
1.87508
1.89482
1.91834
1.94246
1.96384
1.98002
1.99033
1.99627
2.00068
2.00616
2.01366
2.02247
2.03125
2.03918
2.04655
2.0548
2.0659
2.08116
2.09989
2.11891
2.1334
2.1384
2.13028
2.10788
2.0735
2.03358
1.99796
1.97654
1.97444
1.99068
2.0211
2.06083
2.10382
2.14273
2.17128
2.18665
2.18985
2.18423
2.17315
2.15872
2.14169
2.12246
2.10202
2.08216
2.06481
2.05117
2.04141
2.03487
2.03065
2.02871
2.0314
2.04296
2.06486
2.09195
2.11554
2.12974
2.13365
2.12945
2.1198
2.10622
2.08887
2.06704
2.03996
2.00747
1.97019
1.92948
1.88738
1.84663
1.81046
1.78198
1.76329
1.75479
1.75545
1.76359
1.77776
1.79709
1.82118
1.84943
1.88049
1.91235
1.94269
1.96924
1.99015
2.00436
2.01184
2.01352
2.01069
2.00435
1.99452
1.98046
1.96172
1.93993
1.91989
1.90795
1.90825
1.9203
1.94027
1.96365
1.98661
2.00646
2.02157
2.03123
2.03528
2.03406
2.02857
2.02067
2.01288
2.00744
2.00507
2.00485
2.00488
2.00342
1.99945
1.9928
1.98384
1.97333
1.96221
1.95157
1.94244
1.93551
1.93071
1.92724
1.92424
1.92194
1.92186
1.92612
1.93596
1.95065
1.96733
1.98211
1.99178
1.99498
1.99231
1.98567
1.97682
1.96628
1.95336
1.93736
1.91877
1.89946
1.88206
1.86896
1.86163
1.8606
1.86541
1.87443
1.88515
1.89558
1.90559
1.91577
1.9245
1.92759
1.92156
1.90685
1.8883
1.87343
1.86931
1.87916
1.90121
1.93058
1.96208
1.9916
2.01636
2.03465
2.04554
2.04895
2.04619
2.04039
2.03585
2.03595
2.04096
2.04802
2.05322
2.05403
2.05032
2.04376
2.03662
2.0306
2.02636
2.0236
2.02137
2.0183
2.01275
2.00336
1.98923
1.96998
1.94578
1.91751
1.88671
1.85534
1.8249
1.79579
1.76751
1.73978
1.71364
1.69168
1.67718
1.67344
1.68308
1.7069
1.74294
1.78632
1.8307
1.87061
1.9035
1.93014
1.95344
1.97644
2.00049
2.02481
2.04725
2.06597
2.08044
2.09133
2.09939
2.10452
2.10556
2.10122
2.09105
2.07589
2.05733
2.03712
2.01693
1.99816
1.9814
1.96564
1.9494
1.93378
1.92381
1.92479
1.93755
1.95969
1.9894
2.02392
2.05695
2.08103
2.09182
2.08928
2.07596
2.05505
2.02912
1.99993
1.96918
1.93977
1.9166
1.90575
1.91183
1.93546
1.97295
2.01794
2.06337
2.10297
2.13196
2.14725
2.1477
2.13428
2.1101
2.07983
2.04863
2.02143
2.00264
1.99413
1.99343
1.99558
1.9974
1.99938
2.00386
2.01273
2.02611
2.04236
2.05878
2.07218
2.07914
2.07607
2.05992
2.02985
1.99028
1.9522
1.92869
1.9258
1.9381
1.95401
1.96375
1.96262
1.95066
1.93168
1.91244
1.90063
1.90187
1.91715
1.94239
1.97067
1.99562
2.01377
2.02485
2.03078
2.03424
2.03755
2.04197
2.04748
2.05335
2.059
2.06453
2.07053
2.07711
2.08301
2.08558
2.08171
2.06919
2.04752
2.01819
1.98425
1.95009
1.92146
1.90503
1.90617
1.92534
1.95662
1.99092
2.0206
2.04136
2.05147
2.0505
2.0387
2.01722
1.98834
1.95549
1.92282
1.89437
1.8733
1.86147
1.85934
1.86594
1.87888
1.8945
1.90845
1.91724
1.92002
1.91941
1.92027
1.92706
1.94172
1.96353
1.99003
2.0182
2.0453
2.0696
2.09089
2.11026
2.12925
2.14863
2.16749
2.1831
2.19163
2.18968
2.17555
2.15016
2.1168
2.07985
2.04343
2.0106
1.98358
1.96365
1.95128
1.94659
1.949
1.95578
1.9619
1.96306
1.95927
1.9549
1.95483
1.96085
1.97154
1.98452
1.99808
2.0114
2.02421
2.03628
2.0473
2.05758
2.06836
2.08131
2.09705
2.11449
2.13139
2.14509
2.15316
2.15378
2.1463
2.13198
2.11392
2.09602
2.0813
2.07113
2.06568
2.06461
2.06686
2.0699
2.069
2.05806
2.03168
1.98764
1.92841
1.86066
1.79346
1.73566
1.6945
1.67501
1.67935
1.706
1.74943
1.80106
1.85168
1.8946
1.92735
1.95134
1.97011
1.98716
2.00456
2.02252
2.03983
2.0547
2.06492
2.06781
2.06076
2.04368
2.02168
2.00426
1.99941
2.00782
2.02361
2.03961
2.05105
2.05616
2.0551
2.04885
2.03875
2.02627
2.01285
1.9998
1.98837
1.98053
