-2.87124
-2.86796
-2.86836
-2.86768
-2.8679
-2.86766
-2.8693
-2.87091
-2.8715
-2.8716
-2.87224
-2.87184
-2.8718
-2.87005
-2.8703
-2.87091
-2.87087
-2.87166
-2.87318
-2.87277
-2.87336
-2.87336
-2.87358
-2.87335
-2.87224
-2.87281
-2.87391
-2.87325
-2.87316
-2.87201
-2.87187
-2.87028
-2.8695
-2.86841
-2.8679
-2.86764
-2.86711
-2.86819
-2.86918
-2.87054
-2.87075
-2.87098
-2.87223
-2.8714
-2.8712
-2.8717
-2.8718
-2.87103
-2.8696
-2.8693
-2.86829
-2.86693
-2.86628
-2.86634
-2.86534
-2.86593
-2.867
-2.8667
-2.86625
-2.86685
-2.86614
-2.86547
-2.86581
-2.8645
-2.86485
-2.86694
-2.86804
-2.86938
-2.87012
-2.87056
-2.87036
-2.86895
-2.86793
-2.86723
-2.86604
-2.86628
-2.86656
-2.86852
-2.86919
-2.87043
-2.87124
-2.87197
-2.87235
-2.87144
-2.87069
-2.86978
-2.8699
-2.87047
-2.87147
-2.87201
-2.87173
-2.87093
-2.87102
-2.87018
-2.86885
-2.86921
-2.86719
-2.86674
-2.86671
-2.86797
-2.86834
-2.86968
-2.87027
-2.87087
-2.87217
-2.87327
-2.87457
-2.87472
-2.87402
-2.8742
-2.87371
-2.87384
-2.87254
-2.87054
-2.87009
-2.86913
-2.86959
-2.87182
-2.87257
-2.87277
-2.87264
-2.87286
-2.87201
-2.87222
-2.87102
-2.8698
-2.86939
-2.86842
-2.86842
-2.86716
-2.86687
-2.86666
-2.86601
-2.86659
-2.86831
-2.87023
-2.87247
-2.8749
-2.87615
-2.87705
-2.87748
-2.87791
-2.87607
-2.87419
-2.87327
-2.8725
-2.86967
-2.86941
-2.86871
-2.86854
-2.86891
-2.86781
-2.86719
-2.86815
-2.86714
-2.8681
-2.86945
-2.87002
-2.87031
-2.87115
-2.87066
-2.87094
-2.8719
-2.87089
-2.87166
-2.87372
-2.87419
-2.8745
-2.87484
-2.87505
-2.87381
-2.87221
-2.87161
-2.87049
-2.87096
-2.87261
-2.87238
-2.87299
-2.87331
-2.87292
-2.87208
-2.87208
-2.8715
-2.87053
-2.86994
-2.87021
-2.86965
-2.86861
-2.86963
-2.86925
-2.86849
-2.86918
-2.86861
-2.86954
-2.86969
-2.8706
-2.87103
-2.87252
-2.87422
-2.87433
-2.87438
-2.87427
-2.8733
-2.8719
-2.87106
-2.86946
-2.86812
-2.86746
-2.86597
-2.86724
-2.86735
-2.86652
-2.86722
-2.86823
-2.87096
-2.8702
-2.87097
-2.8717
-2.87118
-2.8698
-2.86888
-2.86807
-2.86758
-2.86777
-2.86646
-2.8657
-2.86515
-2.86549
-2.86524
-2.86649
-2.86666
-2.86746
-2.86736
-2.86672
-2.86484
-2.86423
-2.86408
-2.86253
-2.86272
-2.86338
-2.86368
-2.86518
-2.86642
-2.86755
-2.8699
-2.87149
-2.87229
-2.87202
-2.87291
-2.87244
-2.87173
-2.87063
-2.87045
-2.86904
-2.86747
-2.86771
-2.86682
-2.86671
-2.86655
-2.86652
-2.86782
-2.86616
-2.86658
-2.86617
-2.86685
-2.86722
-2.86804
-2.86813
-2.86806
-2.86788
-2.86841
-2.86727
-2.86667
-2.86645
-2.8663
-2.8656
-2.86504
-2.86466
-2.8648
-2.86453
-2.8656
-2.86556
-2.8663
-2.86594
-2.86622
-2.8679
-2.86874
-2.86887
-2.86933
-2.86961
-2.86937
-2.8693
-2.86796
-2.86797
-2.86728
-2.86764
-2.86684
-2.86669
-2.8665
-2.86646
-2.86604
-2.86569
-2.86465
-2.86431
-2.86355
-2.86343
-2.86292
-2.86186
-2.86122
-2.86215
-2.86181
-2.86351
-2.86304
-2.86315
-2.86418
-2.86682
-2.86763
-2.86789
-2.86806
-2.86898
-2.86917
-2.86954
-2.86941
-2.86847
-2.86866
-2.86736
-2.86582
-2.86546
-2.86514
-2.86515
-2.86568
-2.86512
-2.86538
-2.86569
-2.86606
-2.86665
-2.86796
-2.8687
-2.86905
-2.86884
-2.8693
-2.86906
-2.86822
-2.86828
-2.86856
-2.86875
-2.86963
-2.87035
-2.87004
-2.8699
-2.86931
-2.86927
-2.86844
-2.86873
-2.86697
-2.86576
-2.86675
-2.86728
-2.86864
-2.86978
-2.87032
-2.8706
-2.87004
-2.86975
-2.86913
-2.86875
-2.86877
-2.8684
-2.86752
-2.86651
-2.86584
-2.86474
-2.86522
-2.86725
-2.8665
-2.86719
-2.86701
-2.86666
-2.86678
-2.8665
-2.86701
-2.86756
-2.86906
-2.86918
-2.87
-2.87228
-2.87166
-2.87149
-2.87016
-2.86866
-2.86799
-2.86668
-2.86547
-2.86694
-2.86616
-2.86543
-2.86509
-2.86684
-2.86669
-2.86693
-2.86745
-2.86727
-2.86755
-2.8669
-2.86617
-2.86688
-2.86702
-2.86675
-2.86731
-2.8693
-2.86799
-2.86716
-2.86664
-2.86537
-2.86584
-2.86665
-2.8682
-2.8686
-2.86993
-2.87029
-2.87143
-2.87184
-2.87256
-2.87253
-2.87214
-2.87137
-2.87174
-2.87098
-2.8713
-2.8709
-2.87108
-2.87065
-2.8705
-2.86865
-2.86737
-2.86794
-2.86756
-2.86728
-2.86605
-2.86651
-2.86668
-2.86637
-2.86636
-2.86655
-2.86751
-2.86804
-2.86913
-2.87006
-2.87118
-2.87111
-2.87197
-2.87318
-2.8735
-2.87242
-2.87085
-2.86892
-2.86789
-2.86745
-2.86638
-2.86688
-2.86698
-2.86829
-2.86619
-2.86621
-2.86567
-2.86527
-2.86554
-2.86692
-2.86722
-2.86847
-2.86956
-2.86942
-2.8692
-2.87009
-2.86981
-2.86936
-2.86834
-2.86634
-2.86591
-2.86608
-2.86439
-2.86417
-2.8631
-2.86333
-2.86334
-2.86397
-2.86573
-2.86715
-2.86753
-2.86835
-2.86735
-2.86649
-2.8666
-2.86575
-2.86399
-2.86364
-2.86299
-2.8636
-2.86514
-2.867
-2.86754
-2.86687
-2.86774
-2.86945
-2.86957
-2.87024
-2.87068
-2.87119
-2.87145
-2.87021
-2.86879
-2.86884
-2.86893
-2.86837
-2.86708
-2.86726
-2.86775
-2.86719
-2.86762
-2.86659
-2.86731
-2.86747
-2.86731
-2.86665
-2.86588
-2.86569
-2.86491
-2.86608
-2.8671
-2.86759
-2.86732
-2.86803
-2.86796
-2.86881
-2.86797
-2.86862
-2.86989
-2.86917
-2.86874
-2.86784
-2.86502
-2.86573
-2.86398
-2.86262
-2.86169
-2.86176
-2.86327
-2.86447
-2.8661
-2.86731
-2.86806
-2.86675
-2.86562
-2.86462
-2.86457
-2.86491
-2.8658
-2.8675
-2.8677
-2.86761
-2.86657
-2.8672
-2.86616
-2.86653
-2.86548
-2.86549
-2.86643
-2.86782
-2.86894
-2.86917
-2.86969
-2.86985
-2.8705
-2.87118
-2.87175
-2.87287
-2.87235
-2.87252
-2.87255
-2.87067
-2.86931
-2.86854
-2.86818
-2.86844
-2.871
-2.87327
-2.87505
-2.87606
-2.87608
-2.87647
-2.87598
-2.87412
-2.8734
-2.87189
-2.87076
-2.86929
-2.86856
-2.86802
-2.86723
-2.86796
-2.86843
-2.86997
-2.87127
-2.87179
-2.87372
-2.87422
-2.87423
-2.87507
-2.87568
-2.87654
-2.87568
-2.87462
-2.87371
-2.87323
-2.87257
-2.87198
-2.87071
-2.8703
-2.87011
-2.86896
-2.86995
-2.86923
-2.86929
-2.86914
-2.8696
-2.87023
-2.87099
-2.87187
-2.8727
-2.87217
-2.87283
-2.87307
-2.87326
-2.8725
-2.87195
-2.87243
-2.87254
-2.87166
-2.87132
-2.87159
-2.8706
-2.86951
-2.86749
-2.86574
-2.86511
-2.86548
-2.86471
-2.86519
-2.8651
-2.86578
-2.86809
-2.86891
-2.87036
-2.87105
-2.87086
-2.87066
-2.87009
-2.86866
-2.86779
-2.86724
-2.86691
-2.86808
-2.86737
-2.86827
-2.86842
-2.86735
-2.86746
-2.86799
-2.86732
-2.86629
-2.86709
-2.8666
-2.86695
-2.86755
-2.86735
-2.86846
-2.86823
-2.86978
-2.87151
-2.87109
-2.86987
-2.87006
-2.86998
-2.86918
-2.86863
-2.86801
-2.86763
-2.86701
-2.86576
-2.86436
-2.86483
-2.86481
-2.86507
-2.86372
-2.86281
-2.86279
-2.86301
-2.86349
-2.86417
-2.86539
-2.86632
-2.86683
-2.86682
-2.8658
-2.86558
-2.86574
-2.86512
-2.86462
-2.86457
-2.86481
-2.86566
-2.86611
-2.86766
-2.86869
-2.86962
-2.8709
-2.87118
-2.8707
-2.87093
-2.8711
-2.87054
-2.86872
-2.86802
-2.86724
-2.86641
-2.86676
-2.8682
-2.86843
-2.86811
-2.86699
-2.8656
-2.86598
-2.86718
-2.86632
-2.86664
-2.86621
-2.86692
-2.86675
-2.86567
-2.86474
-2.86445
-2.8647
-2.86434
-2.86297
-2.86325
-2.8637
-2.86268
-2.86267
-2.86293
-2.86284
-2.86292
-2.86335
-2.8647
-2.86548
-2.86747
-2.86844
-2.86995
-2.87155
-2.8721
-2.87065
-2.87046
-2.86869
-2.86776
-2.86821
-2.86859
-2.86883
-2.86785
-2.86799
-2.86802
-2.86823
-2.86928
-2.86961
-2.86866
-2.86954
-2.86896
-2.8681
-2.86904
-2.86879
-2.86887
-2.86926
-2.86855
-2.86661
-2.86767
-2.86776
-2.86805
-2.86865
-2.87078
-2.87154
-2.87176
-2.87257
-2.87306
-2.87324
-2.87158
-2.87049
-2.86897
-2.86852
-2.86792
-2.86767
-2.86743
-2.86755
-2.86777
-2.86902
-2.87056
-2.87221
-2.87413
-2.87534
-2.87525
-2.87599
-2.87557
-2.87371
-2.87088
-2.87032
-2.86847
-2.86763
-2.86625
-2.86718
-2.86814
-2.86945
-2.86966
-2.87108
-2.87113
-2.87228
-2.87257
-2.87219
-2.87191
-2.87169
-2.87184
-2.87094
-2.87136
-2.87007
-2.86707
-2.8649
-2.86258
-2.86183
-2.86303
-2.86486
-2.8674
-2.86801
-2.86716
-2.86665
-2.86459
-2.86411
-2.86404
-2.8649
-2.86631
-2.86806
-2.86992
-2.87055
-2.87063
-2.86929
-2.86855
-2.86853
-2.8683
-2.86956
-2.86963
-2.87036
-2.87029
-2.86937
-2.86935
-2.86997
-2.8714
-2.87051
-2.86971
-2.86996
-2.86962
-2.86824
-2.86753
-2.86676
-2.86666
-2.86572
-2.86633
-2.8682
-2.87039
-2.87136
-2.87239
-2.87222
-2.87268
-2.87287
-2.87087
-2.86961
-2.86857
-2.86695
-2.86638
-2.86666
-2.8663
-2.86692
-2.86748
-2.8683
-2.86924
-2.87106
-2.87197
-2.87185
-2.87056
-2.87039
-2.86988
-2.87009
-2.86945
-2.8699
-2.87053
-2.87053
-2.87174
-2.87144
-2.87182
-2.8712
-2.8717
-2.87084
-2.87117
-2.87104
-2.87102
-2.86973
-2.86988
-2.86961
-2.86779
-2.86651
-2.86534
-2.86553
-2.86652
-2.86837
-2.86844
-2.86979
-2.86979
-2.87222
-2.87222
-2.87392
-2.87236
-2.87163
-2.87056
-2.87005
-2.87125
-2.87121
-2.87094
-2.87015
-2.8703
-2.87026
-2.87035
-2.8698
-2.87
-2.86983
-2.87043
-2.87101
-2.87095
-2.87146
-2.87217
-2.8702
-2.86953
-2.86978
-2.86916
-2.86816
-2.86891
-2.86911
-2.86983
-2.87016
-2.86971
-2.86981
-2.86928
-2.86884
-2.86736
-2.86573
-2.86354
-2.86107
-2.85971
-2.86024
-2.86216
-2.86352
-2.86581
-2.86935
-2.87278
-2.87462
-2.87571
-2.87587
-2.87367
-2.8736
-2.87321
-2.87206
-2.87159
-2.87066
-2.87088
-2.87028
-2.86937
-2.86932
-2.86932
-2.86783
-2.86676
-2.86488
-2.86532
-2.86615
-2.86789
-2.86775
-2.86898
-2.86839
-2.86628
-2.86655
-2.86522
-2.86492
-2.86522
-2.86491
-2.86489
-2.8653
-2.86613
-2.86615
