1.49438
1.47736
1.45051
1.41691
1.38098
1.34784
1.3219
1.3055
1.29821
1.29746
1.29979
1.30196
1.30163
1.29775
1.29069
1.28231
1.27524
1.27175
1.27263
1.27689
1.28235
1.28675
1.28874
1.28853
1.28773
1.28864
1.29274
1.29958
1.30664
1.31057
1.3091
1.30172
1.28936
1.2737
1.25666
1.24005
1.22532
1.21341
1.20485
1.20007
1.19951
1.20348
1.21193
1.22435
1.23996
1.25767
1.276
1.29317
1.30752
1.31805
1.32466
1.32788
1.32842
1.32695
1.32426
1.32162
1.3205
1.32159
1.32392
1.3249
1.32153
1.31188
1.29628
1.27764
1.26067
1.24987
1.24742
1.25238
1.2615
1.27068
1.27615
1.27521
1.26655
1.25045
1.22881
1.20524
1.18466
1.17205
1.17005
1.17734
1.18964
1.20251
1.21343
1.22197
1.22893
1.23538
1.24221
1.25027
1.26052
1.2735
1.28854
1.30364
1.31642
1.32514
1.32907
1.32825
1.3229
1.31331
1.30006
1.28424
1.26763
1.25257
1.24143
1.23583
1.23617
1.24159
1.25059
1.26145
1.27255
1.28245
1.29025
1.2958
1.29946
1.30169
1.30276
1.30306
1.3036
1.306
1.31186
1.32155
1.33368
1.34574
1.35521
1.36046
1.36122
1.35878
1.35504
1.35049
1.34339
1.33108
1.31194
1.28631
1.25693
1.22898
1.20862
1.20011
1.20417
1.21936
1.24387
1.27568
1.31215
1.34971
1.38425
1.41198
1.4303
1.43834
1.43674
1.4272
1.41189
1.3927
1.37071
1.34622
1.31985
1.29342
1.26972
1.2514
1.23991
1.23495
1.23497
1.23827
1.24376
1.25063
1.25769
1.26352
1.26782
1.27229
1.2797
1.2915
1.30625
1.32044
1.33067
1.3353
1.33493
1.3317
1.32825
1.32686
1.32876
1.33402
1.34191
1.35159
1.36225
1.37277
1.38145
1.38645
1.38668
1.38221
1.37416
1.36422
1.3542
1.34536
1.33787
1.33077
1.32256
1.31235
1.30091
1.29119
1.28776
1.29493
1.31372
1.34051
1.36902
1.39377
1.41179
1.42231
1.4258
1.42314
1.41522
1.40263
1.38583
1.36564
1.34384
1.32304
1.30578
1.29376
1.28769
1.28776
1.29355
1.30354
1.3149
1.32446
1.33025
1.33215
1.33121
1.32831
1.32368
1.31758
1.31103
1.30574
1.30332
1.30433
1.30818
1.31334
1.31789
1.32002
1.31831
1.31183
1.30024
1.28388
1.26387
1.24201
1.22066
1.20261
1.19109
1.18903
1.19776
1.2163
1.24195
1.27149
1.30215
1.33174
1.35847
1.38074
1.39724
1.40731
1.41134
1.4108
1.40797
1.40531
1.40441
1.40508
1.40557
1.4038
1.39876
1.3911
1.38271
1.37573
1.37177
1.37144
1.37431
1.37902
1.38349
1.38548
1.38315
1.3755
1.36247
1.34497
1.32468
1.30371
1.28397
1.26643
1.25068
1.23536
1.21964
1.20484
1.19464
1.19265
1.19943
1.21216
1.22736
1.24294
1.25818
1.27252
1.28475
1.29349
1.29829
1.30028
1.30178
1.30474
1.3097
1.31594
1.32263
1.32933
1.33511
1.33793
1.33553
1.32696
1.31355
1.29824
1.2843
1.27397
1.26774
1.26464
1.26313
1.26229
1.26259
1.26551
1.27247
1.28362
1.29778
1.31353
1.33039
1.34866
1.36802
1.38609
1.39921
1.40447
1.4011
1.39025
1.37401
1.35464
1.33402
1.31332
1.29311
1.27415
1.25826
1.24805
1.24538
1.24983
1.25866
1.26806
1.27473
1.27699
1.27497
1.2702
1.26494
1.26167
1.26248
1.26829
1.2782
1.28982
1.30015
1.30637
1.30657
1.30028
1.28886
1.27537
1.26355
1.25635
1.25502
1.25956
1.2693
1.28296
1.29834
1.31292
1.32492
1.33359
1.33856
1.33939
1.33554
1.32682
1.31386
1.29835
1.28272
1.26899
1.25769
1.24778
1.23795
1.22818
1.22007
1.21552
1.21494
1.21699
1.22022
1.22466
1.23167
1.24258
1.25723
1.27352
1.288
1.2971
1.29838
1.29136
1.27767
1.2606
1.24419
1.23224
1.22738
1.23042
1.24045
1.25543
1.273
1.29123
1.30881
1.32473
1.33769
1.34606
1.34892
1.34795
1.34738
1.35026
1.35435
1.35427
1.34725
1.33538
1.32325
1.31452
1.31028
1.31004
1.31344
1.32092
1.33298
1.34933
1.36859
1.38868
1.40787
1.42519
1.44021
1.45247
1.46127
1.46579
1.4655
1.4607
1.45281
1.44384
1.43469
1.42433
1.411
1.39428
1.37546
1.35609
1.33686
1.31769
1.29844
1.27922
1.26065
1.24438
1.23289
1.22865
1.23291
1.24532
1.2645
1.2883
1.31341
1.33566
1.35111
1.35729
1.35392
1.34286
1.32755
1.31181
1.29822
1.28704
1.2764
1.26382
1.24824
1.23123
1.2166
1.20849
1.2092
1.21836
1.23349
1.25138
1.26911
1.28456
1.29647
1.30438
1.30836
1.30882
1.30621
1.30075
1.2923
1.2805
1.2653
1.24759
1.22947
1.2139
1.20374
1.20076
1.20499
1.2149
1.22788
1.24085
1.25086
1.2558
1.25496
1.24895
1.23947
1.22876
1.21914
1.21229
1.20896
1.20923
1.21314
1.22111
1.23367
1.251
1.2722
1.2952
1.31735
1.33626
1.35028
1.3587
1.3615
1.35914
1.35254
1.34312
1.33277
1.32362
1.31756
1.31567
1.3175
1.32096
1.323
1.32079
1.31271
1.29874
1.28035
1.26005
1.2409
1.22577
1.21649
1.21333
1.21542
1.22162
1.23132
1.24443
1.26055
1.27823
1.29479
1.30698
1.31222
1.30975
1.30067
1.28678
1.26925
1.24914
1.22892
1.21299
1.20566
1.20778
1.2158
1.22448
1.23039
1.233
1.23399
1.23588
1.24085
1.25005
1.26321
1.27889
1.29497
1.30923
1.32001
1.32689
1.33085
1.33379
1.33744
1.34244
1.34831
1.35417
1.35945
1.36437
1.36987
1.37726
1.38744
1.39993
1.41261
1.42227
1.4256
1.42019
1.40525
1.38233
1.35572
1.33197
1.31769
1.31629
1.32712
1.3474
1.37388
1.40255
1.42848
1.44752
1.45776
1.4599
1.45615
1.44876
1.43915
1.4278
1.41497
1.40135
1.3881
1.37654
1.36745
1.36094
1.35658
1.35377
1.35247
1.35427
1.36197
1.37657
1.39463
1.41036
1.41983
1.42243
1.41963
1.4132
1.40414
1.39258
1.37803
1.35997
1.33831
1.31346
1.28632
1.25826
1.23109
1.20697
1.18799
1.17553
1.16986
1.1703
1.17573
1.18517
1.19806
1.21412
1.23295
1.25366
1.2749
1.29513
1.31282
1.32676
1.33624
1.34123
1.34235
1.34046
1.33623
1.32968
1.3203
1.30781
1.29329
1.27993
1.27197
1.27217
1.2802
1.29352
1.3091
1.32441
1.33764
1.34771
1.35415
1.35685
1.35604
1.35238
1.34712
1.34192
1.33829
1.33672
1.33657
1.33659
1.33561
1.33297
1.32853
1.32256
1.31555
1.30814
1.30104
1.29496
1.29034
1.28714
1.28482
1.28283
1.28129
1.28124
1.28408
1.29064
1.30044
1.31156
1.32141
1.32786
1.32999
1.32821
1.32378
1.31788
1.31085
1.30224
1.29158
1.27918
1.26631
1.25471
1.24597
1.24109
1.2404
1.24361
1.24962
1.25677
1.26372
1.27039
1.27718
1.283
1.28506
1.28104
1.27123
1.25887
1.24895
1.2462
1.25278
1.26747
1.28705
1.30805
1.32774
1.34424
1.35643
1.36369
1.36597
1.36413
1.36026
1.35723
1.3573
1.36064
1.36535
1.36881
1.36935
1.36688
1.36251
1.35775
1.35373
1.35091
1.34906
1.34758
1.34553
1.34183
1.33557
1.32615
1.31332
1.29719
1.27834
1.25781
1.23689
1.2166
1.19719
1.17834
1.15985
1.14243
1.12779
1.11812
1.11563
1.12205
1.13794
1.16196
1.19088
1.22046
1.24707
1.269
1.28676
1.3023
1.31762
1.33366
1.34987
1.36484
1.37731
1.38696
1.39422
1.3996
1.40301
1.40371
1.40081
1.39403
1.38393
1.37155
1.35808
1.34462
1.3321
1.32093
1.31042
1.2996
1.28919
1.28254
1.2832
1.2917
1.30646
1.32626
1.34928
1.3713
1.38735
1.39455
1.39285
1.38397
1.37003
1.35275
1.33329
1.31278
1.29318
1.27773
1.2705
1.27455
1.29031
1.3153
1.34529
1.37558
1.40198
1.42131
1.4315
1.4318
1.42285
1.40674
1.38656
1.36575
1.34762
1.33509
1.32942
1.32896
1.33038
1.3316
1.33292
1.3359
1.34182
1.35074
1.36158
1.37252
1.38146
1.3861
1.38405
1.37328
1.35323
1.32685
1.30147
1.28579
1.28387
1.29207
1.30267
1.30916
1.30842
1.30044
1.28779
1.27496
1.26709
1.26792
1.2781
1.29492
1.31378
1.33041
1.34251
1.3499
1.35385
1.35616
1.35837
1.36131
1.36499
1.3689
1.37267
1.37636
1.38035
1.38474
1.38867
1.39039
1.38781
1.37946
1.36501
1.34546
1.32283
1.30006
1.28098
1.27002
1.27078
1.28356
1.30441
1.32728
1.34707
1.36091
1.36765
1.367
1.35913
1.34481
1.32556
1.30366
1.28188
1.26291
1.24887
1.24098
1.23956
1.24396
1.25259
1.263
1.2723
1.27816
1.28001
1.27961
1.28018
1.28471
1.29448
1.30902
1.32669
1.34547
1.36353
1.37973
1.39393
1.40684
1.4195
1.43242
1.44499
1.4554
1.46109
1.45979
1.45036
1.43344
1.4112
1.38657
1.36228
1.3404
1.32239
1.3091
1.30085
1.29773
1.29933
1.30385
1.30793
1.30871
1.30618
1.30327
1.30322
1.30723
1.31436
1.32301
1.33205
1.34093
1.34947
1.35752
1.36487
1.37172
1.37891
1.38754
1.39803
1.40966
1.42092
1.43006
1.43544
1.43585
1.43087
1.42132
1.40928
1.39735
1.38753
1.38075
1.37712
1.37641
1.37791
1.37994
1.37933
1.37204
1.35445
1.32509
1.2856
1.24044
1.19564
1.1571
1.12967
1.11667
1.11957
1.13733
1.16629
1.2007
1.23445
1.26307
1.2849
1.3009
1.3134
1.32477
1.33638
1.34834
1.35988
1.3698
1.37661
1.37854
1.37384
1.36245
1.34779
1.33617
1.33294
1.33854
1.34907
1.35974
1.36736
1.37077
1.37007
1.3659
1.35917
1.35085
1.3419
1.3332
1.32558
1.32035
